[
  { "name": "1x1_single", "input": { "A": [[7.0]], "B": [[3.0]] }, "result": [[21.0]] },
  { "name": "2x2_simple", "input": { "A": [[1.0,2.0],[3.0,4.0]], "B": [[5.0,6.0],[7.0,8.0]] }, "result": [[19.0,22.0],[43.0,50.0]] },
  { "name": "2x2_zeros", "input": { "A": [[0.0,0.0],[0.0,0.0]], "B": [[1.0,2.0],[3.0,4.0]] }, "result": [[0.0,0.0],[0.0,0.0]] },
  { "name": "2x2_identity", "input": { "A": [[1.0,0.0],[0.0,1.0]], "B": [[2.0,3.0],[4.0,5.0]] }, "result": [[2.0,3.0],[4.0,5.0]] },
  { "name": "3x3_random", "input": { "A": [[1.0,2.0,3.0],[4.0,5.0,6.0],[7.0,8.0,9.0]], "B": [[9.0,8.0,7.0],[6.0,5.0,4.0],[3.0,2.0,1.0]] }, "result": [[30.0,24.0,18.0],[84.0,69.0,54.0],[138.0,114.0,90.0]] },
  { "name": "3x3_identity", "input": { "A": [[1.0,0.0,0.0],[0.0,1.0,0.0],[0.0,0.0,1.0]], "B": [[3.0,2.0,1.0],[6.0,5.0,4.0],[9.0,8.0,7.0]] }, "result": [[3.0,2.0,1.0],[6.0,5.0,4.0],[9.0,8.0,7.0]] },
  { "name": "3x3_diagonal", "input": { "A": [[1.0,0.0,0.0],[0.0,2.0,0.0],[0.0,0.0,3.0]], "B": [[4.0,0.0,0.0],[0.0,5.0,0.0],[0.0,0.0,6.0]] }, "result": [[4.0,0.0,0.0],[0.0,10.0,0.0],[0.0,0.0,18.0]] },
  { "name": "2x2_negatives", "input": { "A": [[-1.0,2.0],[3.0,-4.0]], "B": [[5.0,-6.0],[-7.0,8.0]] }, "result": [[-19.0,22.0],[43.0,-50.0]] },
  { "name": "3x3_repeats", "input": { "A": [[2.0,2.0,2.0],[2.0,2.0,2.0],[2.0,2.0,2.0]], "B": [[1.0,2.0,3.0],[1.0,2.0,3.0],[1.0,2.0,3.0]] }, "result": [[6.0,12.0,18.0],[6.0,12.0,18.0],[6.0,12.0,18.0]] },
  { "name": "3x3_fractional", "input": { "A": [[1.5,2.0,3.5],[4.0,5.0,6.5],[7.5,8.0,9.5]], "B": [[0.5,1.0,1.5],[2.0,2.5,3.0],[3.5,4.0,4.5]] }, "result": [[17.0,20.5,24.0],[34.75,42.5,50.25],[53.0,65.5,78.0]] },
  { "name": "4x4_simple", "input": { "A": [[1.0,2.0,3.0,4.0],[5.0,6.0,7.0,8.0],[9.0,10.0,11.0,12.0],[13.0,14.0,15.0,16.0]], "B": [[16.0,15.0,14.0,13.0],[12.0,11.0,10.0,9.0],[8.0,7.0,6.0,5.0],[4.0,3.0,2.0,1.0]] }, "result": [[80.0,70.0,60.0,50.0],[240.0,214.0,188.0,162.0],[400.0,358.0,316.0,274.0],[560.0,502.0,444.0,386.0]] },
  { "name": "4x4_identity", "input": { "A": [[1.0,0.0,0.0,0.0],[0.0,1.0,0.0,0.0],[0.0,0.0,1.0,0.0],[0.0,0.0,0.0,1.0]], "B": [[1.0,2.0,3.0,4.0],[5.0,6.0,7.0,8.0],[9.0,10.0,11.0,12.0],[13.0,14.0,15.0,16.0]] }, "result": [[1.0,2.0,3.0,4.0],[5.0,6.0,7.0,8.0],[9.0,10.0,11.0,12.0],[13.0,14.0,15.0,16.0]] },
  { "name": "4x4_negatives", "input": { "A": [[-1.0,2.0,-3.0,4.0],[5.0,-6.0,7.0,-8.0],[-9.0,10.0,-11.0,12.0],[13.0,-14.0,15.0,-16.0]], "B": [[16.0,-15.0,14.0,-13.0],[-12.0,11.0,-10.0,9.0],[8.0,-7.0,6.0,-5.0],[-4.0,3.0,-2.0,1.0]] }, "result": [[-80.0,70.0,-60.0,50.0],[240.0,-214.0,188.0,-162.0],[-400.0,358.0,-316.0,274.0],[560.0,-502.0,444.0,-386.0]] },
  { "name": "4x4_repeats", "input": { "A": [[1.0,1.0,1.0,1.0],[1.0,1.0,1.0,1.0],[1.0,1.0,1.0,1.0],[1.0,1.0,1.0,1.0]], "B": [[2.0,2.0,2.0,2.0],[2.0,2.0,2.0,2.0],[2.0,2.0,2.0,2.0],[2.0,2.0,2.0,2.0]] }, "result": [[8.0,8.0,8.0,8.0],[8.0,8.0,8.0,8.0],[8.0,8.0,8.0,8.0],[8.0,8.0,8.0,8.0]] },
  { "name": "4x4_fractional", "input": { "A": [[1.5, 2.0, 3.0, 4.5],[5.5, 6.5, 7.0, 8.0],[9.0, 10.5, 11.5, 12.0],[13.0, 14.5, 15.0, 16.5]], "B": [[0.5, 1.0, 1.5, 2.0],[2.5, 3.0, 3.5, 4.0],[4.5, 5.0, 5.5, 6.0],[6.5, 7.0, 7.5, 8.0]] }, "result": [[48.5, 54.0, 59.5, 65.0],[102.5, 116.0, 129.5, 143.0],[160.5, 182.0, 203.5, 225.0],[217.5, 247.0, 276.5, 306.0]] },
  { "name": "5x5_identity", "input": { "A": [[1.0,0.0,0.0,0.0,0.0],[0.0,1.0,0.0,0.0,0.0],[0.0,0.0,1.0,0.0,0.0],[0.0,0.0,0.0,1.0,0.0],[0.0,0.0,0.0,0.0,1.0]], "B": [[1.0,2.0,3.0,4.0,5.0],[6.0,7.0,8.0,9.0,10.0],[11.0,12.0,13.0,14.0,15.0],[16.0,17.0,18.0,19.0,20.0],[21.0,22.0,23.0,24.0,25.0]] }, "result": [[1.0,2.0,3.0,4.0,5.0],[6.0,7.0,8.0,9.0,10.0],[11.0,12.0,13.0,14.0,15.0],[16.0,17.0,18.0,19.0,20.0],[21.0,22.0,23.0,24.0,25.0]] }
]
